3456,3457,3459,3470,3482,3491,3612,4937,6034,6035,6180,6193,7097,7900,10208,10298,10328,10554,10745,10789,50043,50304,50305,50431,50625,50815,50835,50973,52088,52120,54268,54676,55015,55064,55087,55091,55097,55144,55153,55168,55172,55176,55187,55206,55215,55226,55230,55270,55299,55313,55327,55358,55464,55470,55480,55545,56350,58001,58066,59391,60122,60264,61643,10202,50071,50629,50666,50949,54624,54627,564,56400,56407,57898,6042,6043,609,613,617,620,628,634,643,667,676,688,7242,7380,7846,7873,8048,8049
0.0,0.0007780049572499974,0.0010411949785893223,0.006398218257844184,0.0015939593518004608,0.012135814517998165,0.00479689675032001,0.0005486094051834145,0.01537646947684666,0.010812648459534514,0.021427213124913864,0.0026264548896741836,0.026201883005419625,0.0010163545125182521,0.0006671825694801239,0.0005867439612323598,0.000937421491910108,0.0003993220144320811,0.0004551408571241494,0.0006536742772981637,0.0003670114793258929,0.0005038712417531737,0.004052857404206076,0.0004608535944767564,0.0004955469794689333,0.0005864369049256912,0.0011765477042341148,0.00046446380886965276,0.0005053459433845913,0.000969773206672817,0.0004169807819778994,0.0005330080804061449,0.00036289360370942017,0.00060246133077591,0.000826386346126705,0.0007259521141751189,0.0003818414991021328,0.001324634993742263,0.00041834178188830196,0.001105608961733652,0.000329957677073627,0.0006651725615609678,0.0005446030584497726,0.0004173308761901521,0.0005961606850590915,0.0005412217992639061,0.001219384036762205,0.0011460252387318058,0.00034343255401987155,0.0006727204426979478,0.00041430668669945243,0.0005028920753180525,0.00041473890338597865,0.0004897158917431468,0.0003016610976983193,0.0004446748608203902,0.0016253401067442329,0.0017603693763445667,0.0012245625558994992,0.0008451273567995981,0.0008718384929244739,0.017321762644017483,0.0038211438598575505,0.0005125372442860689,0.0038669064407522696,0.005885649262464381,0.010462497353258653,0.0013074760700185967,0.0025144341520233976,0.006805156907318274,0.0005426300945006783,0.0004949563049384115,0.00020441145866602318,0.049512254918596024,0.0008669606380511909,0.0003539897920349362,0.0006709394809662958,0.004986838649777446,0.0005100151235093961,0.0003219393166900847,0.0005590675981011493,0.00038848238589811804,0.0005945221384548675,0.0008166814942448291,0.0011285157506739434,0.00031694854238904595,0.0005318830478412834,0.0011121540383922253,0.00048093859480341923,0.0005323037150414593,0.0006909852199235118,0.002205171170621528
0.0007780049572499974,0.0,0.0009422438429871992,0.004601219688800001,0.0012810068674400372,0.009801501128889594,0.003517604671562734,0.0010614929516173505,0.01234580581837903,0.008712224383175487,0.019889730798548395,0.002069673203216639,0.02261852202633946,0.0011051998062668355,0.001403954005610038,0.0017291121564215418,0.0018941180546016396,0.0014290785571181921,0.0011180963885355291,0.0013957272552529605,0.0014228848540487925,0.001576521937113424,0.003822510832513033,0.001179598425422313,0.0014496292995291881,0.001568153621017745,0.0016696102700716627,0.001401684689712983,0.001043145330964684,0.0012432007392334944,0.001352637053345577,0.0015113544806795328,0.0013713418497529762,0.0015121391437664016,0.001096662325128084,0.0007901809942754455,0.000819993057227081,0.0013785522099221065,0.0008209700531412714,0.0013170026574139467,0.0007650996202257148,0.00103636652504678,0.0015847918626135194,0.0008349124675974173,0.0007123398693280253,0.0010520902550641509,0.0011097854305220374,0.0012858657910409556,0.0010524033685278477,0.001439810302934979,0.0010333907013867116,0.000847319450673705,0.0013872833971726188,0.0013878689851223706,0.0007933007246933476,0.0008128535434899894,0.0008926898140754842,0.0014787634148858816,0.0015978483113457693,0.0010408919661801708,0.0010122797420753723,0.014519566659788362,0.0030949553556079397,0.0012656603796357669,0.003531888534599857,0.005024073814607343,0.009558915116271162,0.0014227140947571273,0.0033938759527830857,0.0053693726041411476,0.001360777961837214,0.0012017755801134852,0.001070667275072479,0.04721206265565131,0.0013289473066506255,0.0009881746765662406,0.0009869973012098744,0.003848263682210031,0.0010043227326591727,0.0005471793590282173,0.0012872473520474075,0.0009761205899766137,0.0010553263787308636,0.0010182535283925476,0.0009978989091963156,0.0011313996068507215,0.0011165847260163708,0.0014778637267509297,0.0012318133847690326,0.001034431367226893,0.0006380882380024305,0.0018852163807021466
0.0010411949785893223,0.0009422438429871992,0.0,0.0042704348399485136,0.001389054429771483,0.008831124818145547,0.0033032431448574294,0.0011719557050260878,0.012475499094502525,0.008516638297009117,0.019531961693506864,0.002076717227847181,0.02014822821897737,0.0011188678324241166,0.0018673372075701572,0.0021080227019819246,0.0024423075116714707,0.001557119747751185,0.0015100858403059416,0.0018479963321630986,0.0017810923980428012,0.0018595275384031273,0.0030435168087370214,0.0014349404380204777,0.0018180302028956387,0.0017987212432652938,0.0016641232750062873,0.0018005131538396065,0.0014659287382465845,0.0016786950816671386,0.0018563581516289585,0.0017461237575263303,0.0016836901435771875,0.0021049001524982643,0.0008287749789165558,0.0010252495798243012,0.0012154210087233273,0.0014796437844925478,0.0010321852334030258,0.0012690430155903273,0.0010709248158974965,0.0016821564306219007,0.002033434562525596,0.001061675098537584,0.0014480129921668858,0.00145858851141089,0.001151277498685067,0.0014830780872872968,0.001499501439696554,0.0018550396645950773,0.0013407439850914755,0.0012913504489186853,0.0016793798640288404,0.001706336033593341,0.0011597906631668565,0.0010017311030331546,0.0011791494147958483,0.0014430905645920994,0.002487542782989035,0.001312613292622021,0.001537453193474431,0.013643662049123009,0.002998024856624445,0.0018109501996350348,0.0033626039761109013,0.004547771440854517,0.009687646380449961,0.0013460936777846691,0.002012169940986817,0.004755911397451228,0.0012383238625708693,0.0017419974691512416,0.0014586663489010534,0.04619619135165233,0.0012147312285847513,0.0012319424389327252,0.0014732722411462205,0.003970981677458113,0.001444596732779411,0.0008453521519532247,0.0016312698107890035,0.0012504426323097031,0.0013969422900670127,0.0013055520484162506,0.0019892746924929506,0.0012428546878731025,0.0014111758378896916,0.0018888525602293515,0.0015473775618956643,0.0013854354228204065,0.0009735508737452008,0.0018034654087964812
0.006398218257844184,0.004601219688800001,0.0042704348399485136,0.0,0.0043951850220330995,0.0036006765657812857,0.0024683303055633497,0.007402760628610135,0.01017304011793512,0.0062152344115783,0.01796017051145775,0.005301779529945491,0.01758996781843671,0.004820644570743342,0.008908609839043204,0.009454989735912758,0.010535916708890123,0.00784996427477871,0.007887997027704345,0.008183080770023509,0.008516372730603383,0.009208028842430613,0.004687576416810943,0.007613001943127781,0.0091388825024937,0.009596382876788767,0.007753390760630883,0.009105281801474125,0.007794575710170395,0.00900525511024629,0.008519270121755953,0.009294762266037922,0.008805019324730634,0.009489360505186348,0.005142542569799408,0.0042936737723358815,0.007342305278352663,0.00351479847818569,0.005856323541254335,0.004155011068910425,0.006106240322272242,0.008258294116299837,0.009285673203140277,0.005836024266461716,0.007146288914184974,0.007509372998135643,0.0038028344109555896,0.005007485534551075,0.008094360460119117,0.009028391757161755,0.007905425972607816,0.0070992202736704126,0.008869008407253838,0.008711264601243053,0.006767028143596713,0.006126144086167065,0.0029649770674869146,0.0038244480758249104,0.010570129486243066,0.004456102666134941,0.006374769086088541,0.008975298518295795,0.002582003149505568,0.008284861835134617,0.004739719952371311,0.0037631084767893092,0.009402025961255972,0.0048835277976848075,0.005567855942869326,0.004616372936455785,0.00611677255589296,0.0077973989752177855,0.008009014023061267,0.04225330282154966,0.006866767363485769,0.0069235602292387005,0.007228300477572931,0.0034484290648119954,0.006723468187020709,0.006009458318271961,0.007682055656336356,0.006868329859758604,0.007749436164533624,0.005355707802358651,0.00739953229696546,0.00801025924311149,0.007684234531107991,0.007477369305917748,0.007574920604127234,0.006704687836537563,0.004676126224436109,0.0021985455231997297
0.0015939593518004608,0.0012810068674400372,0.001389054429771483,0.0043951850220330995,0.0,0.009521862188473553,0.0031580276865181413,0.002243977516899428,0.01036263719591438,0.007389895311952937,0.018239934123248636,0.0020389383646768197,0.017155424150713205,0.002047791982366527,0.002657019068943682,0.0029565082043633995,0.0033307383129894796,0.002644522900956192,0.0020092183719795016,0.0027472941652317,0.0026025109892896863,0.002866258337202155,0.0034929449785065696,0.0022223696333721304,0.0026589516344805914,0.0029613850201531556,0.0025147905604150666,0.0025601475629892117,0.0021152270295099022,0.002621120826240898,0.0024193575764522835,0.0027200005666634737,0.0026209596578292207,0.0028983760782593775,0.0015269727992241885,0.001654034248856059,0.001876150715450222,0.0017997807230755755,0.0018441900503128603,0.001913451943396536,0.0017133036296212672,0.00227823935010224,0.0029541664594662665,0.0017445585941130032,0.0016720422214953627,0.0021724207023110847,0.001875794064138444,0.0023562200819753345,0.0022789513434746263,0.0027660091426709816,0.0020817184289720907,0.0018780229940458814,0.002719803593887945,0.0026304926157200226,0.0018230116343687878,0.0015793253959731403,0.001538006353022052,0.0025761460584844214,0.0025783872174607093,0.0016506865162142883,0.0022306866932912234,0.013295557273039221,0.003196216147217446,0.002254939158255237,0.00329778393879554,0.004084620524587332,0.009302646473774105,0.0018542637970769198,0.004104481009467511,0.004949965132700353,0.0020551611914825696,0.0022982469812734994,0.0021717886594074484,0.04350528415032818,0.0018028824061095525,0.0017993840813966746,0.0021119524913562585,0.0037185758795997953,0.0022388980010099747,0.001550354026866645,0.0024447409768909925,0.0021300036669058484,0.0024353323690320377,0.0020398819920661995,0.0022414974460109663,0.0023033266452899873,0.00201924536361187,0.0028064242606202585,0.002466077248477693,0.0020252745044182733,0.0017106075560971363,0.002248354669953763
0.012135814517998165,0.009801501128889594,0.008831124818145547,0.0036006765657812857,0.009521862188473553,0.0,0.003529176302230904,0.01348661296455933,0.010152676564900123,0.006783257800800847,0.011674885617694907,0.01087702040925945,0.009465836447639722,0.008573163657536007,0.015885685243714493,0.01596199593240669,0.01731161348108711,0.013955207730435739,0.0147340646942284,0.015036967276903897,0.015312154030288204,0.01583117027078896,0.006266108082868573,0.013900584010858441,0.01585534025771737,0.015799450753984628,0.014458951221590478,0.015526501907192366,0.013818624366802347,0.015551754204000248,0.015272573494200092,0.01640681069018894,0.015130863574047528,0.016140654718053482,0.010233001203397731,0.007962027038544334,0.013207717387469226,0.007124640074545893,0.011983720146442165,0.009547962129047738,0.011786934562034296,0.01498508494262093,0.01603276963990951,0.011622035371211568,0.012630958130959512,0.014121888611447435,0.008888073232533343,0.010761162857058446,0.014563137107555486,0.015421538918865139,0.014339869515704652,0.013142256381762548,0.01523752393133504,0.015423427772090572,0.012249368481802598,0.01208543739893085,0.00755866513221481,0.009070896647155895,0.017638372274806528,0.009374412228952618,0.011861596390531538,0.004763667629084728,0.004617372150577623,0.01513651646987611,0.008466123627929168,0.007803124602116158,0.010094810945640777,0.009698866976683046,0.010170047294125547,0.008732086952404116,0.012376268680624443,0.014393873737018665,0.014107559842619789,0.03484614760976974,0.013179485388814447,0.013836882561723196,0.013425194047581385,0.008826280939178137,0.013738739790358948,0.011833274354137086,0.014544007502594955,0.013241186519368418,0.01437079030403108,0.011330639503993175,0.013582032108465713,0.013966568037710009,0.014316829604330039,0.014230205082609235,0.013710532501155653,0.012964917950108913,0.0106748009951716,0.0068227330911215175
0.00479689675032001,0.003517604671562734,0.0033032431448574294,0.0024683303055633497,0.0031580276865181413,0.003529176302230904,0.0,0.005600063441493898,0.012436855600131013,0.006561954719199041,0.011088055209791937,0.0039054532926779987,0.014316982891018373,0.003381012819269557,0.007471979836112312,0.007678449925401906,0.008420216258407179,0.0059277718217917354,0.00637539522535374,0.006831511269434774,0.006747020674125387,0.007361110371550493,0.0026799872620185757,0.006260059026462517,0.007390433351909976,0.0073449442553479806,0.006733897005724619,0.007196286113883579,0.005954669225445144,0.007309381455737184,0.006375928935056561,0.007330967507119237,0.006946452332522539,0.007496888653852099,0.004404053029914267,0.0027159770105970576,0.005689213289761735,0.0020061348275288706,0.0042389766272955725,0.003146608239501112,0.004695880715321739,0.006227464951511298,0.007552465945933992,0.00484795118518336,0.00505759537652049,0.0058281256602769616,0.003153543988097123,0.004206334794891139,0.006541637479675822,0.007188438701491831,0.006212999164229732,0.005545950723147197,0.007227933967574543,0.007069567312866002,0.004807493911750032,0.004442150352900749,0.002540473442707108,0.003089773583628028,0.008917159981082114,0.003998300746013833,0.004404241078045824,0.006751780135552688,0.0024827513963905064,0.006647433541753195,0.003856334758524265,0.005516198840098681,0.009290292133347278,0.0032844148056244025,0.004204024010495835,0.005847188366330844,0.004715096122597036,0.006132403618214646,0.006351326480999812,0.03780133261057256,0.006093357542379987,0.0060290493301901225,0.005223705354092139,0.004353676103916497,0.005641107921142233,0.0047688474030582245,0.0061312031468295555,0.005730938349594676,0.0062798025005906585,0.0039587693979289615,0.005615120659125054,0.006030661917293747,0.005772046078188044,0.00656914449794367,0.005590772414728822,0.005551705241069716,0.0037470074202615436,0.0025548845190732057
0.0005486094051834145,0.0010614929516173505,0.0011719557050260878,0.007402760628610135,0.002243977516899428,0.01348661296455933,0.005600063441493898,0.0,0.01597237098048539,0.01157430292153921,0.022091338487129,0.002515157801770307,0.026608904482616283,0.000999003367349586,0.0006379153981426658,0.0005340539518928322,0.000935492699437727,0.0004571303951218132,0.0005614299331127697,0.000564202369824231,0.0004623557475107467,0.0004587292235256942,0.004420984732183769,0.0006974147500845308,0.000509705816091898,0.0004335505696260159,0.0011097266647690377,0.0005179441908256595,0.0006152397858612288,0.0010452575630906745,0.00048095468075781813,0.00045836138132896386,0.0004378210887439446,0.0004668328101791031,0.0008733311631856302,0.0011397218631562602,0.0004402497161746274,0.0020657055472685744,0.00038652669550717604,0.001362512817145655,0.00047809356538834293,0.0004083259963355845,0.000526314970127562,0.0005581128412167789,0.0007336002908312292,0.000387261807851427,0.0014372980890820625,0.0009996900023532694,0.00043449777339509124,0.0006314969712921651,0.0004470213827127663,0.0006352484597253576,0.00047362524877828967,0.00044168582016414985,0.0004004414550590518,0.0004695697089615968,0.0018100368528693052,0.001879938931521205,0.0011530357421826588,0.0011820681321171,0.0006861841338649779,0.01834934373305516,0.004744988643485251,0.0004043765636721216,0.003653161196339321,0.006512262126078939,0.009713395116767932,0.0013995199789051131,0.002854695179773324,0.006925734995816197,0.0007485265263969274,0.00035750502752996923,0.0005148519768924105,0.05014468490262092,0.0011978497398469458,0.0004995611285342162,0.0004371792366869334,0.005234316312836792,0.0005438393506526528,0.0006512550734266438,0.0004304241972639847,0.0004521654520548521,0.00033663621279392643,0.0008467553432181206,0.0006539170961869377,0.0005357990713349554,0.0006114327609524096,0.0010246540610404312,0.0003217250556825464,0.0006397688522922101,0.0008862935128815888,0.0026987928623333586
0.01537646947684666,0.01234580581837903,0.012475499094502525,0.01017304011793512,0.01036263719591438,0.010152676564900123,0.012436855600131013,0.01597237098048539,0.0,0.008146695199017602,0.029849414211041567,0.009279936007596194,0.011759836106148464,0.014218770310254838,0.016824523164724957,0.01801209078395081,0.017552809979669265,0.01657982520520282,0.015832776699506695,0.017222344884595762,0.017307031754842543,0.018053539973226354,0.013607356090925206,0.015341828384585946,0.01767765902352657,0.017858081284019306,0.01453625336674382,0.01730000105561101,0.014965438651083221,0.015550163712803558,0.01707599580388045,0.017767532503589645,0.017623787322795438,0.01757780943474318,0.012479010535555366,0.013763378910185455,0.015322790148500728,0.014650450377595976,0.01541787062866734,0.014227209561715875,0.015180792315666157,0.015937024594706188,0.0181590489560372,0.015030415030779185,0.014487838924414756,0.015523673661005119,0.013745249879264843,0.014291195270791694,0.01618314691755625,0.016986391949140384,0.015412871815921858,0.01483655149159439,0.017613820151739158,0.017361903077243324,0.014963285082960453,0.014332329332725303,0.011732244300070336,0.014359065464067651,0.015754644669843595,0.012857923018431505,0.014905557807654402,0.010938743212795586,0.010301606655345531,0.01631393284331519,0.009657586356602766,0.006666255949944368,0.00932793184816838,0.014047663557165666,0.01599360132451606,0.009697344801702939,0.01580924173992068,0.016262189185531694,0.016704434590918776,0.03089659668996119,0.013432787992874394,0.015133146765257397,0.015456629108212244,0.007707880860802252,0.015409464036845387,0.013933569712776346,0.016769345147775786,0.016020561402527,0.016218729472952234,0.014568841957328453,0.014736645155467076,0.01630241824578311,0.015368418269592548,0.01624805049232121,0.017009204349717172,0.014997891996861681,0.013370211430299808,0.011753983079673123
0.010812648459534514,0.008712224383175487,0.008516638297009117,0.0062152344115783,0.007389895311952937,0.006783257800800847,0.006561954719199041,0.01157430292153921,0.008146695199017602,0.0,0.0179263058208291,0.007604458757832492,0.016108693489025997,0.009006380701508481,0.014377904668650455,0.014706433875786476,0.015377471280262662,0.013232282217450233,0.012477886326847855,0.013495351228074874,0.013303231630168945,0.013948888795392873,0.008884384013302297,0.012471700850741346,0.014000332003534916,0.014000311986225356,0.012685801524040927,0.013375349834171987,0.011515486864548572,0.013764485102455959,0.013348035194137426,0.013765774815305398,0.013491834180400902,0.013993873945769305,0.009105300395340363,0.008882689826720734,0.011256959193531297,0.008806447820447748,0.010424591422826174,0.009211708985076469,0.010537949011314085,0.012541820379317834,0.014066804605988564,0.010344847500730028,0.010696371590732218,0.0120699939751538,0.008847531720006506,0.01038625649549019,0.013029500930989011,0.01295568819283226,0.01181241108984231,0.011369658110773426,0.013633011302745567,0.01364340831754565,0.010557561609057103,0.009981578820103055,0.007310623495083922,0.008860595550514156,0.014365548926669263,0.009715275984612902,0.010912439943120762,0.008907070668539227,0.007321984348670346,0.012705442934429942,0.007090765053748594,0.0056711554137950865,0.011021045914271176,0.008582209835652528,0.010677603279893656,0.00879675702133647,0.01136057838621819,0.012262220753263433,0.012290414430659211,0.038098551135287144,0.011331350770741638,0.011401602104830526,0.010869626548999067,0.007833780950020484,0.011390428644207863,0.010363290959700991,0.012755382872803448,0.011848523752161189,0.011724078942151727,0.008826286670729894,0.01155242001842403,0.012806957674329232,0.01203443040192517,0.012321865888897058,0.011791304725299509,0.010850522838547169,0.009676878953334737,0.007621668411377514
0.021427213124913864,0.019889730798548395,0.019531961693506864,0.01796017051145775,0.018239934123248636,0.011674885617694907,0.011088055209791937,0.022091338487129,0.029849414211041567,0.0179263058208291,0.0,0.017179123026625085,0.04726582357493635,0.017762504401512464,0.02697860357459415,0.024614924023422725,0.02827840615960312,0.02104779853236101,0.022617623229559063,0.02405049408690997,0.023520119048175112,0.02406034494013948,0.011049222713239852,0.023355563943647607,0.024564542525842146,0.023497174273071256,0.0280616995294062,0.022541756647386182,0.022803041281786375,0.028568166152006216,0.023514293721959137,0.0248251543193099,0.024057536240819417,0.024743120134529346,0.01905880448206318,0.016163660783839753,0.022818620108408814,0.01506016095086292,0.020798545434175406,0.02053177291551347,0.021034871452060597,0.02335691592288577,0.024357406857363092,0.02138064265507378,0.020420100117379093,0.023302834319514413,0.017778801599092533,0.021589554545143698,0.022505063079711927,0.025883914092445767,0.022090194004150594,0.024490077192998144,0.02432187190454408,0.025452000192695074,0.021564509256519405,0.02127489934757102,0.017935947464003236,0.02076439554812512,0.027522175315415783,0.020067814480159075,0.020718475122129716,0.011188723808584551,0.015375495075448416,0.023938289049563306,0.018212702168712434,0.021201361475965342,0.014958325719460404,0.02241403804894627,0.01892056515607769,0.015914215993766863,0.022195364922567035,0.023212136599104163,0.02251549719178885,0.0532985039519219,0.02667414856185849,0.025093133472036563,0.02302854172139848,0.027836696708756305,0.024259969196935422,0.02152704043254817,0.02360370993366528,0.023222894108567597,0.0239363632524754,0.022959892116869003,0.021890938773884747,0.022747824146625698,0.02592704115735887,0.02713671703090126,0.02223818969313085,0.02535240884423479,0.02243433428633415,0.02046548848336931
0.0026264548896741836,0.002069673203216639,0.002076717227847181,0.005301779529945491,0.0020389383646768197,0.01087702040925945,0.0039054532926779987,0.002515157801770307,0.009279936007596194,0.007604458757832492,0.017179123026625085,0.0,0.016925641040609764,0.002391046392758703,0.0030822748724831602,0.0035034157348972374,0.003250503503254681,0.003387030450076613,0.00254977681283295,0.003490832194336751,0.0031474630765398756,0.003227252435523918,0.004371059207144112,0.0024114744845626875,0.0032461592589652366,0.003683422287382478,0.0021675641476098973,0.0030614876990055014,0.0024777480132995313,0.0027011273345393916,0.00304406037719957,0.0031697556878358163,0.0032195915469118604,0.003262323423686839,0.002286332235700575,0.002126919318959805,0.0025439563046558236,0.002220739789616279,0.0027483949379830297,0.003079695116385357,0.002636133657038425,0.0025760309805102147,0.003463861640603421,0.0025515898332990135,0.002210481754738783,0.002870529294404898,0.0021686246035678793,0.002510714525564974,0.002807891107298015,0.0034156553690093414,0.002599481865969554,0.0022407693161704285,0.003082884521466896,0.0030289831451998303,0.0025109589019776855,0.00209512161195325,0.002078557516995606,0.003619284257264875,0.002471850513515982,0.0023119817158583265,0.0029047725400298784,0.014961364917596533,0.004510128570190813,0.0029427140641252094,0.003241601421333731,0.004109804746330005,0.00772151777325808,0.002395572513499278,0.004807738234074814,0.0036640095894761937,0.0027647916037683495,0.0030127951243345435,0.002871052396660439,0.04405630005411468,0.00225352288466093,0.0024090737320892745,0.002392727816580269,0.0038135815109206486,0.0027253852754440264,0.0024129582198638513,0.0031320913421728487,0.0027187014565755252,0.0027662290350119207,0.0027108541295658983,0.0024478326336972896,0.002771982114967637,0.0024235995778175614,0.0036810798393249336,0.003163303496165692,0.0026550730429571014,0.002087724688976153,0.002874707101812014
0.026201883005419625,0.02261852202633946,0.02014822821897737,0.01758996781843671,0.017155424150713205,0.009465836447639722,0.014316982891018373,0.026608904482616283,0.011759836106148464,0.016108693489025997,0.04726582357493635,0.016925641040609764,0.0,0.018555319418450893,0.026427500314287717,0.029087750226669536,0.02810404216517042,0.02734615525904372,0.027584383603473327,0.02826999995810738,0.028413167257752732,0.027966017938709353,0.012516292926494189,0.0241739448591633,0.02880700590011325,0.029690228098921065,0.021288929965707103,0.028447593886145105,0.02426497654793971,0.02515378480617925,0.02848473078728633,0.028932194944290487,0.028525373847912445,0.028213175744385997,0.021468645278276476,0.020954659316953134,0.026642526999331465,0.023860419705902036,0.026380346418819253,0.021328379500978826,0.025407424335451664,0.026805566357702457,0.02903206439194716,0.024586625565064652,0.02623867496769733,0.028578432804317343,0.022861827809584557,0.022914931759672585,0.02706335755059722,0.027066178056372462,0.026768700016377083,0.024725616911724042,0.02761724149292319,0.02773759873091511,0.02507743384414563,0.025463744260390733,0.02045875398705585,0.019681796207375184,0.026300613982680354,0.020840903751902395,0.027227543500378443,0.00895607102004105,0.01239348448102657,0.027383578497418626,0.01640519349945553,0.012391064206391638,0.016913000468150387,0.0193959027237214,0.020114885346100356,0.011311988863494105,0.02586773264966036,0.026848332778328116,0.027804632828915363,0.03357772737834827,0.021312883584423424,0.02396512486589975,0.025956121077638224,0.013052921096947518,0.023264890122433594,0.02276171878446405,0.028189024633916954,0.02499141543597306,0.025367175599200497,0.023121108393245424,0.02539465386549556,0.026822948131149577,0.02481662720151723,0.024804829497806245,0.02736130674227638,0.02371856636319401,0.022556244899007094,0.01776995287156889
0.0010163545125182521,0.0011051998062668355,0.0011188678324241166,0.004820644570743342,0.002047791982366527,0.008573163657536007,0.003381012819269557,0.000999003367349586,0.014218770310254838,0.009006380701508481,0.017762504401512464,0.002391046392758703,0.018555319418450893,0.0,0.0018788738283874128,0.0016710573966291953,0.002438011374132557,0.0013516585808691598,0.0014746242970279956,0.0013897874404382392,0.0015359111720182701,0.0016326873720811106,0.0030507320249195287,0.001534481309371529,0.001753406631896483,0.0014262781155650332,0.0018420966419159422,0.0015787810259694152,0.001022791448672978,0.0019471561648129318,0.00158534659412059,0.0017172108762213702,0.001660627245044951,0.0016551451365600083,0.0011108008278213194,0.001033261770041679,0.0011303903717448135,0.0011489341832464242,0.0010152222781431742,0.001066325120766496,0.001091045299456096,0.0013028787983535698,0.001823362295577478,0.0008962880189168676,0.0012340109790471999,0.0012191473762675016,0.0009707526718522263,0.0013411628647763958,0.0013911267931987939,0.0014003897260393694,0.0013270734133209489,0.0010892256847545773,0.0015210204389023967,0.001690293540445464,0.0007886407193005111,0.0010911560251535624,0.001290469771407541,0.0013678126563066838,0.002555181924707814,0.0009925706538924564,0.0010591769788134296,0.013678004405442465,0.0029642872254461937,0.0014748676250131675,0.003546999325703641,0.005485215352934565,0.010425246270489534,0.0018272582833090362,0.002478436709165901,0.004659550330564768,0.0014316673028560967,0.0012042883599794974,0.0013124226366820386,0.045473698434338974,0.0019052353946382508,0.0013560674630458552,0.0011243046122467472,0.004550513113828486,0.0011395339104933449,0.0009119705603830967,0.001235452921061711,0.0011678847823575838,0.0011720761098716103,0.0009158925194479336,0.0014901909438972375,0.001195263041125843,0.0013350888653104148,0.0012244132112740234,0.0010677759392835559,0.001370887593331023,0.0013252673233596483,0.0015498064580769814
0.0006671825694801239,0.001403954005610038,0.0018673372075701572,0.008908609839043204,0.002657019068943682,0.015885685243714493,0.007471979836112312,0.0006379153981426658,0.016824523164724957,0.014377904668650455,0.02697860357459415,0.0030822748724831602,0.026427500314287717,0.0018788738283874128,0.0,0.00026525565614936097,0.00013383980492682402,0.0007455002024063302,0.000489019287349922,0.00044803382860679665,0.00041915773353660486,0.0002533883200386738,0.005824958451231752,0.00024121319497691498,0.00031281987667525067,0.00029938905851125774,0.0009073007720326519,0.000301130556318737,0.0004743947085598502,0.00019780446411443167,0.00031452039140795356,0.0002969892433930825,0.0004291094568694379,0.0002027357868404946,0.0012125820579110404,0.0016369100416038947,0.00037346720566890513,0.0035045954282619174,0.001024235554607444,0.001923937951197594,0.0006245879228762636,0.0005088733515812481,0.00016429414220222983,0.0006835003852484321,0.0008995386048690119,0.0006538784642373115,0.0021746291859971014,0.0014109458235333073,0.0002896623836395112,0.0002812958676058994,0.0004547301903689409,0.0004844599020491077,0.0001524066236135311,0.0002180997531347695,0.0004579047043446722,0.0007890386662265303,0.0024514662782688414,0.0032012929715145378,0.00025160513033205175,0.0012039016932670606,0.0014819258183930515,0.02058565362803854,0.005330079224283374,0.0004348337984458003,0.004660067314615142,0.00705209519591714,0.010880370119854299,0.002273623251361379,0.005637301004817006,0.007729779439251803,0.0009373737068622633,0.000422999410638988,0.00035801517629566605,0.05099503332158435,0.0006709467957120443,0.000404622721631904,0.0005927937874616232,0.0062503953247359445,0.0006015048686859391,0.0005961591336425506,0.0004050076836300266,0.00031220875500671266,0.00042199042039377775,0.0013701274687304213,0.0011939005127618427,0.0002511577033111659,0.0004047421932209904,0.0006666036650509524,0.0007737534109194984,0.0006411248621678466,0.001396441392274322,0.003261257305984311
0.0005867439612323598,0.0017291121564215418,0.0021080227019819246,0.009454989735912758,0.0029565082043633995,0.01596199593240669,0.007678449925401906,0.0005340539518928322,0.01801209078395081,0.014706433875786476,0.024614924023422725,0.0035034157348972374,0.029087750226669536,0.0016710573966291953,0.00026525565614936097,0.0,0.0002356896486321382,0.0002996735376592592,0.000262604529243622,0.0002669745122446322,0.00014717870124724797,0.00011447845716404732,0.005749361025730256,0.0004097664980887511,9.068548781594986e-05,0.00010172390513429454,0.000822551127867352,0.00015746289371609408,0.0004185526373204748,0.0005063973906910958,0.00015428660889290239,0.00010442979076537686,0.00018705151175757106,0.00011140294710226268,0.0012740981347235613,0.001905126711861964,0.0004270313409827844,0.0030446714534321222,0.0009002765995364396,0.0019232645365881902,0.00058204153809713,0.0003964104006051803,0.00010587246660564677,0.000744114324438996,0.0007502566213008079,0.0006575514502773347,0.002238314234785357,0.001376730022130994,0.0002105168573852471,0.00032239399784061735,0.00029594629804144396,0.0007944634135151834,0.00014583841520616103,0.00018861541502045664,0.0006631532965505338,0.0007506885472702715,0.002865414799213951,0.0030607558924463023,0.0005350747474314157,0.0013871863134276,0.001159170424418873,0.021446840256274427,0.005640383263579155,0.00019213949120430723,0.004496640667446637,0.0073506384898886674,0.010855461386106154,0.0020950416208479583,0.005150037331275114,0.009170622733405954,0.0006725455064809679,0.00039419478028889415,0.00023689937293402925,0.0514787099552956,0.0011485014173177755,0.0006020539081597642,0.0007388178240949065,0.007004983579135755,0.000593924501741038,0.0008220191709671337,0.000346016344513652,0.00035442479864292056,0.00045922733349770155,0.0013004305116048364,0.0012850825341398566,0.00023045004197168057,0.00047978898995156574,0.0009181157459485601,0.00043933200885423187,0.0008363016789312995,0.0015890995551220948,0.003811051145894604
0.000937421491910108,0.0018941180546016396,0.0024423075116714707,0.010535916708890123,0.0033307383129894796,0.01731161348108711,0.008420216258407179,0.000935492699437727,0.017552809979669265,0.015377471280262662,0.02827840615960312,0.003250503503254681,0.02810404216517042,0.002438011374132557,0.00013383980492682402,0.0002356896486321382,0.0,0.0008647052798618761,0.0006111890026746247,0.0005510070765557273,0.00041389414150263724,0.000293736574641327,0.006790687101087863,0.00045945903340204616,0.00033383557700018205,0.0002752310283019502,0.0012191752532943853,0.0002888353557624888,0.0006944408570954154,0.0002533055916212061,0.0003908029014875731,0.0002688216187292718,0.0005251902311903288,0.00015453420408922413,0.0015579895264170515,0.0020353785481000146,0.00048490005857581095,0.004201675854975309,0.0015849460904702503,0.0023086889398225403,0.0008601476238570468,0.0005974612621104661,0.0001285156439406035,0.0008452828051356179,0.0013207586340852166,0.0009483213665922098,0.0027497116306699288,0.0017344861800639103,0.0003767259207533239,0.0003297689256837253,0.0006979170299020244,0.0006765726853336098,0.00015162183103421337,0.0002598067797654178,0.0007827822422456842,0.0010850974591138768,0.003219022603569854,0.003917866366078189,0.00015212601198897536,0.001757696402510086,0.0019438984281358294,0.02209889830259965,0.006186063680974375,0.00041487322122868355,0.005157147989296934,0.008060378146206418,0.012006376067472058,0.0025480150965723927,0.007019431886541878,0.008725875087272614,0.0011809419402622943,0.0005357497259443579,0.0004886741249438368,0.05172516649572037,0.0007747037741585982,0.0006466882518188472,0.000924733784026679,0.007121831463401582,0.0007885805341797526,0.0009763806736423706,0.0005167354429315478,0.0005033474892048906,0.0006435158679926867,0.0017018666045733525,0.0014048950324861294,0.0003291141373927395,0.0005330553443431852,0.0008303162855876529,0.0010650435286118822,0.0008682891032551079,0.001961867550228771,0.003963970484066175
0.0003993220144320811,0.0014290785571181921,0.001557119747751185,0.00784996427477871,0.002644522900956192,0.013955207730435739,0.0059277718217917354,0.0004571303951218132,0.01657982520520282,0.013232282217450233,0.02104779853236101,0.003387030450076613,0.02734615525904372,0.0013516585808691598,0.0007455002024063302,0.0002996735376592592,0.0008647052798618761,0.0,0.00024607731017636184,0.0005132010547693639,0.00024179573220634883,0.0002956739404137324,0.00412979562150456,0.0004960960769969651,0.00025611483713601214,0.00021694135253810673,0.0014455133138107272,0.00022010193084661927,0.0005706888663821152,0.0011130580218387989,0.00025569489175910075,0.000333485426959568,0.00025590859132364186,0.0004030659881277881,0.0008969645537950374,0.0011660907232843925,0.0003972598654977486,0.0018359038275003634,0.0005872434514866751,0.0015000314996501249,0.0006117548783041798,0.000362051451731009,0.00026423383737144936,0.0006077315215905666,0.0006787010696926998,0.0005237255919787729,0.001345478956794305,0.001366757239680905,0.0002239092593312444,0.0006835137396744162,0.0003194048990144303,0.000953766621188797,0.0003333375678395566,0.00038617915243807974,0.0005025902765741087,0.0006387575932610411,0.0024114039025748277,0.002278302711234971,0.0010581799643629918,0.0013506125487057331,0.0010190597594024354,0.019510656038333584,0.00430481067273926,0.00033511921429163163,0.0038726379009641743,0.007135831252895957,0.010093695310928408,0.001664215475714341,0.0028032159195572467,0.008229706258189255,0.0004708619379570138,0.00042946550130067623,0.00022920421970840384,0.04990962900709558,0.0013328988526105355,0.0007510684093979074,0.0007017390683688485,0.0066085953253546765,0.0007096815133662356,0.0008059483452178507,0.00042732199916269825,0.0004830295457152965,0.0006659715039793256,0.0013159952679157978,0.0012335789500551241,0.0003527363029686135,0.0007655455503526552,0.001478020082532238,0.000515747465059986,0.0009762679601364333,0.001171868456880965,0.003231553634510078
0.0004551408571241494,0.0011180963885355291,0.0015100858403059416,0.007887997027704345,0.0020092183719795016,0.0147340646942284,0.00637539522535374,0.0005614299331127697,0.015832776699506695,0.012477886326847855,0.022617623229559063,0.00254977681283295,0.027584383603473327,0.0014746242970279956,0.000489019287349922,0.000262604529243622,0.0006111890026746247,0.00024607731017636184,0.0,0.0003407577543593234,0.0002680464786259189,0.0002568255107158046,0.0051063586373434194,0.00036172927128160057,0.00020803934815166573,0.0002495473666261414,0.0011691287282507529,0.00017710007067685008,0.0005833910453344594,0.0008417416502226826,0.00024285542174963429,0.0002078902698173277,0.00024786472068965355,0.000369679482394277,0.0008581522988503677,0.0012615807044776084,0.00026323677958737824,0.0020587739894899542,0.0005866107903762883,0.0014004297304928085,0.0004729509842750928,0.0004038831218931716,0.0002197874250000296,0.0005630374503402141,0.000499530224210889,0.00043926914435780875,0.0016249544153228077,0.0012205186877884383,0.00019451333495770385,0.000557169008807348,0.0002510557857634171,0.0006529854001748538,0.0002895370375028421,0.000305915951031115,0.0004625039615493185,0.0005747786586530751,0.002346162287210233,0.002584843168450031,0.0006427776258278122,0.0011524737330960997,0.000992845218668245,0.019391487420965837,0.004966816334385465,0.0002746597250394295,0.003927473504207958,0.006356615941104837,0.009978341153581306,0.0017212368856084348,0.004556199841476668,0.007328190065390094,0.0005340822127627725,0.0003906944853279691,0.00021242452507233211,0.0503528887174364,0.0008937876188129537,0.0004947521429437967,0.0006995483829275236,0.006005645286915839,0.0005334570507380365,0.0005147488823467412,0.0003254670325413981,0.0003376674489006967,0.0005943373223594524,0.001042879574589221,0.0009418535905633263,0.000210601470314138,0.000490758711458603,0.0011947314863592821,0.0005673941907830668,0.0007987746828086903,0.0011123904015731092,0.002898414718212301
0.0006536742772981637,0.0013957272552529605,0.0018479963321630986,0.008183080770023509,0.0027472941652317,0.015036967276903897,0.006831511269434774,0.000564202369824231,0.017222344884595762,0.013495351228074874,0.02405049408690997,0.003490832194336751,0.02826999995810738,0.0013897874404382392,0.00044803382860679665,0.0002669745122446322,0.0005510070765557273,0.0005132010547693639,0.0003407577543593234,0.0,0.0002593855320413432,0.00033701029606068145,0.006176547016599524,0.0006080358788867536,0.0004044926770983447,0.00023200190822770468,0.000808263605993727,0.0003463174442678471,0.0005752327201807619,0.00055212163830767,0.00034552745463661095,0.00031003974284139996,0.0005379084311708032,0.00035460100714195225,0.0010619721585180615,0.0016307777168512415,0.0004397251232988806,0.002700319905692804,0.0008512523292718561,0.0016090701483454247,0.0005126884468349771,0.0003827614319473684,0.00038054467834814585,0.0005001404107889747,0.0006436339428332417,0.0004139595358901153,0.0019856050083196367,0.0010841237281213204,0.00037113330281171575,0.00035795576574103235,0.0004900103628264446,0.0005232188939933144,0.00038395092157285566,0.00040238460400224664,0.00045239504729957465,0.0007598468117678518,0.0023584916978468436,0.002439463590450721,0.000777060253553262,0.0010838576604361488,0.0009378721992669318,0.019922716122717225,0.005193104027840198,0.0003168229652501525,0.004106541548588414,0.007200626452906141,0.010631223126718783,0.00205757169712639,0.005626394337606749,0.008517258101296395,0.0007135800386803182,0.0003532875038203875,0.000341769354299145,0.05129968916566824,0.0010500100971103862,0.0006447571824432547,0.0005941309401970852,0.006242334061074577,0.00046693735746423004,0.0008218748623004716,0.00020981073910519978,0.0003435140351076161,0.00042912417943124164,0.0010723455503767376,0.000977619707055332,0.0002454989668242096,0.0002873966242562179,0.0006830800393616521,0.00034132733199813584,0.0007084852432640339,0.001387947355036204,0.0031645428928497124
