564,609,613,617,620,628,634,643,667,676,688,3456,3457,3459,3470,3482,3491,3612,4937,6034,6035,6042,6043,6180,6193,7097,7242,7380,7846,7873,7900,8048,8049,10202,10208,10298,10328,10554,10745,10789,50043,50071,50304,50305,50431,50625,50629,50666,50815,50835,50949,50973,52088,52120,54268,54624,54627,54676,55015,55064,55087,55091,55097,55144,55153,55168,55172,55176,55187,55206,55215,55226,55230,55270,55299,55313,55327,55358,55464,55470,55480,55545,56350,56400,56407,57898,58001,58066,59391,60122,60264,61643
0.0,0.0007766377257365426,0.004732692348870505,0.0005312805387196843,0.0005665002561418967,0.0004938697086006,0.0004330894780042628,0.0005906341256544909,0.0011495873202273558,0.0010824647757742708,0.0005316644222516951,0.0004647795664976526,0.0010067874369106239,0.001126985457360955,0.004706097590839971,0.0017526153999317857,0.005343238250070855,0.0026647944710438114,0.0006697675333076182,0.015862167954323107,0.009161067847650776,0.0007753121339622123,0.0006285182245696904,0.0025011952069246162,0.0024554385451006394,0.024369067910102796,0.0006273916253433502,0.0006134849339575495,0.0006484359433907251,0.0005720424654916542,0.0008500349004506593,0.0008792796414282114,0.0021541959789730266,0.0005191672611116076,0.0007455735642329722,0.0005936706038180543,0.0009711612142883929,0.0006032814536025692,0.0005080619543654063,0.0006156274110792488,0.0005183223241427286,0.0028206188553174362,0.000611510200829499,0.0010683734797729948,0.0006296128176409329,0.0005466714654453887,0.0050258471643342215,0.008001462505725998,0.0006195273024307837,0.0008013485369220653,0.001090833423501963,0.0006234862902205825,0.0010546321448609778,0.0007523828450708491,0.0005135104752390975,0.0017864321280846535,0.005684832238316983,0.0004926616211810619,0.0005783045217397939,0.0005873172095320884,0.0005965779130930775,0.0008240893319154579,0.0007089007169113068,0.0008079900563852993,0.00042912942959488884,0.0008508515142388553,0.0004195762770443178,0.0007043641870530824,0.0006244535786165371,0.0006640883279073513,0.0007256537485273626,0.0007320092722651302,0.0007457952694054508,0.0009405619122653117,0.0005720403954384908,0.0005140506876051587,0.0011696120413862234,0.0005929187725626765,0.0005957593363797157,0.0005082770666913214,0.0006510413139746136,0.0006290186193410098,0.0014276391136217592,0.0006211806423528159,0.0004686395885120816,0.048399293667030524,0.0012430967285440152,0.0015041073570729873,0.000663271215874576,0.0008753227604427271,0.0069005199298906895,0.0027769088191888893
0.0007766377257365426,0.0,0.005029861671010377,0.0007207620653241673,0.0007149769842921107,0.0005665597159576355,0.0005054365338868536,0.0006304320872398007,0.0010302920116036624,0.0005206297609087876,0.0006958630271887716,0.0006636411981258534,0.0008848136002529399,0.0012818269201655224,0.005509715007981205,0.0018348442733974479,0.00631589215618731,0.003474033682595167,0.000333601541479872,0.01507949522199415,0.008830610156713332,0.0010508736829079612,0.0006181818634839434,0.0024529073824798154,0.002033999305147629,0.02544450557362901,0.0005783131608339875,0.0005006028145218502,0.0007469788984722511,0.0006337205539851626,0.0007392761897757499,0.0009536843722834112,0.0022941213677248767,0.0006589864779036343,0.0005883185223256201,0.0007868711262034256,0.0008341131987733156,0.0007335848571588017,0.000651640534601677,0.0005361769504589137,0.0007456247968278173,0.003041076759552396,0.0007707126595767489,0.0024300762186404133,0.0006657703066449969,0.0006576929259511986,0.005849791216499399,0.00823076709350396,0.0006945607033497572,0.001265832816793151,0.0016497351949568257,0.000645314554616779,0.0006186122752376425,0.0005760214486965683,0.0005145724618290325,0.00433224078949289,0.005981553811271237,0.0007437267177964953,0.0006319543883743878,0.0006629636866188829,0.0008526340382170708,0.0008105056662753756,0.0004719860125758806,0.0013154989528593422,0.0005293039974531473,0.001147880350327586,0.0005474910516514965,0.0005311490491673092,0.0006999029343404987,0.0006201330260230899,0.0006953498320692141,0.00038929067495507364,0.0010182021289998622,0.0008695913701991811,0.0005683580687047764,0.0004866583607783916,0.0006592443611597215,0.0005446383713266326,0.0006473517649653401,0.0005495344223072748,0.0005749629568658056,0.0005240880708214849,0.0012282137794081855,0.00047415249510879807,0.0006223386377829414,0.04992196277771402,0.0014269693120441402,0.0008427521984498889,0.0008861588077541241,0.0006239327512522771,0.006569436615505189,0.0041555395331929375
0.004732692348870505,0.005029861671010377,0.0,0.004713408442680804,0.004204977227124503,0.005388287909964141,0.005029086647194754,0.005199647228699154,0.0038029977913527704,0.004774064768359859,0.00546122461804788,0.0047679824513971545,0.0036319765801915587,0.0036966962045651176,0.0021373976219631803,0.0034915617142121246,0.0037886101649962805,0.0026177561307451592,0.0051963959859355514,0.007647736893565357,0.006198259802385319,0.004067810210090267,0.004383908285282386,0.0057447305215056026,0.0033375407852880047,0.012182770567971813,0.00515100294136386,0.005074735670036421,0.005405570005767223,0.0045191720636526414,0.004260806136182678,0.0034107051228420824,0.0024908292837639338,0.005743681663533088,0.006053592976070582,0.006643006663273822,0.006873683005743648,0.006056346300790323,0.00561294939549343,0.00600913367250497,0.00589435202939398,0.002791026877566992,0.006322952432096282,0.003104018551284606,0.00559124060136318,0.0060339096660730245,0.003661547741120664,0.006263282403006719,0.006501417827507652,0.005939792986233831,0.003116784769781494,0.006217329799062721,0.004933941280313273,0.005876020088958728,0.00555676206604096,0.005089932860579968,0.003863037518363783,0.006008401978689805,0.006249447514796727,0.006468150116471295,0.004203027312690138,0.0040153762742059385,0.005011229606924668,0.003493111007686246,0.004608046341292661,0.0036553954688197388,0.0044028326998981635,0.005717296218647593,0.00634733314826993,0.004398324260778067,0.005312517149913342,0.0051781131907383945,0.004213016901339734,0.00443048663583982,0.005637420465048894,0.0063119111958146595,0.005730742074997823,0.005119301015630476,0.006266368619059294,0.00579350199928413,0.0047028971109079765,0.0043981810701170816,0.002738100478665324,0.00520373233270558,0.0055742078559820225,0.038511118387784656,0.0034654710219187905,0.006244730428153493,0.004379164063096052,0.004605494338358942,0.0028085680518452295,0.004348930343279159
0.0005312805387196843,0.0007207620653241673,0.004713408442680804,0.0,0.00036615323441785137,0.0004021498339038089,0.0003018937018094547,0.0003257009259001464,0.0008756980749800293,0.0006268060455229989,0.00030699674308485854,0.0003341455005518605,0.0007383813561813638,0.000982611301568109,0.0048658882376135925,0.0019009395889930429,0.005877925757938528,0.0029507088118322805,0.000443580976004926,0.015568077723646786,0.009195622038498975,0.0007203941940015899,0.00035457822399716314,0.0023016429066425067,0.0021385897489073053,0.02396383317510638,0.00039587486342931416,0.00044991632768967224,0.00047018865088483466,0.0004274400194747974,0.0005991490409778991,0.0008336589445539039,0.0022424176945031325,0.0003370202074023312,0.0004386893404009958,0.0004356738609599934,0.0005696709390056972,0.0003663012095106825,0.0004003254780658399,0.00037086958610340205,0.0002462546587834868,0.00302402103635435,0.0003079461436792993,0.0016236624771372927,0.0005001357890671754,0.0004192031311644218,0.005597831141942519,0.008683630780042648,0.00030115244137061736,0.0007127873842670486,0.0010929753607009291,0.0004074895602015471,0.0006728593915790704,0.0004862297704680689,0.0003671092055929611,0.002337203408901174,0.005993330257185854,0.0003909081885543699,0.00034465085990261456,0.000414545350741964,0.0006510134040074729,0.0007622150196918358,0.0004257145986121383,0.000912150601531409,0.00044086982189952943,0.0009386445827081228,0.0004592296727462066,0.0004192791354451605,0.0003915452550363505,0.0004299482211013931,0.0006146437556223032,0.00030791690861987675,0.0009701389139405184,0.0007185111959147131,0.0003996866247751688,0.0004049816512841455,0.0007341364464740624,0.00043612757186903706,0.00037107624231075097,0.0003027118208597976,0.0004289913527274687,0.00041106757038183176,0.0013912095258990303,0.00034796305415538733,0.0003108385233259857,0.04867863030291305,0.0014712790320545398,0.0007568448415423157,0.0006606475108859424,0.0006761289595749231,0.006418247654775138,0.003198563160154696
0.0005665002561418967,0.0007149769842921107,0.004204977227124503,0.00036615323441785137,0.0,0.0005457240592389528,0.0002991109116821399,0.0003291800208980187,0.00071549342351704,0.0007372728295845953,0.00028874104899192745,0.00022759486113791525,0.0004860722068349375,0.0007246224583808484,0.004910422258311473,0.0014054408731986802,0.005610802420316764,0.0030802585543065553,0.0005771173412678515,0.014056125148926275,0.008714686913899256,0.0003800538366619927,0.0002628291548684042,0.001980165326350555,0.0018602415255444715,0.0222343951232742,0.00048699795922290366,0.0003644471620542955,0.0006497506744759011,0.0003339270609767604,0.0006524728487578075,0.0006440498467904942,0.001997765201833007,0.0005422018779266571,0.0003643300778347586,0.0005580830720396378,0.0006182881959408906,0.0004937493831208093,0.00036222839399232447,0.0006098212163901266,0.0004771335849195242,0.0031077729291461922,0.00045937083796078546,0.0015631139951752442,0.0004323935956254331,0.0003992038749505862,0.004964333567643192,0.008531639496713627,0.0005888908834340874,0.0008022820924433532,0.001245988332885707,0.00044521908728016986,0.000470970480672648,0.00039911898271815496,0.000366589120681814,0.002981376222683917,0.005086945818180167,0.00048499931271013823,0.00044161556458228123,0.0005738037934320433,0.0006912135357457151,0.0006126078651136896,0.00040502180498916467,0.0009257877887059009,0.0005190370873716459,0.000966197396374696,0.00035064632948236373,0.0005146230084360404,0.00048716700175124216,0.0003533998257373388,0.0005033578585950272,0.0005618734614820343,0.0009805646774787289,0.0009409446977021748,0.00029837945428687687,0.0005167576728242626,0.0005951043517893701,0.000390788696802529,0.0004169855310112708,0.0003786512059271607,0.00036825947998684027,0.0003618330724603885,0.0008023210607201528,0.0003870123416474862,0.00036704422636707864,0.04812423906744404,0.001295108345075688,0.0007349320821363147,0.0006591004233003584,0.000832777726516383,0.006085702133590211,0.0034317503571786633
0.0004938697086006,0.0005665597159576355,0.005388287909964141,0.0004021498339038089,0.0005457240592389528,0.0,0.0003344123940474573,0.0002835710843610716,0.0009600829308239933,0.00044081440794312924,0.0003098941116234766,0.0004456781274266299,0.0009427588193641756,0.0013715145841642726,0.005772334608499672,0.0021663690553260437,0.006550300239652349,0.0035379518914602785,0.00037506077102971954,0.016213185360309558,0.009823878433029638,0.0009335516289083123,0.0005235153502664725,0.002349828365418417,0.002447780828660181,0.026495388416281383,0.0004627339519678951,0.0002253564778755761,0.00028615591214267195,0.00048554586556640906,0.0006812240691868619,0.0011558590844548912,0.002582826747812086,0.0002665462345987835,0.0003578378414619227,0.00035094485146795756,0.00045164950658662837,0.0002991941201361174,0.0002826941496660085,0.00020270685832215254,0.0003405398023757661,0.0030035410697969596,0.000318317099756609,0.0017864311829658684,0.0005706923456230133,0.0003282672346559619,0.005686893313650968,0.008770532499762302,0.00034979868026867317,0.0009225741500573774,0.001518911160588149,0.0003102680373102709,0.0006878742711454854,0.0004660836186334716,0.00029282903824176716,0.0036023236267621857,0.006613244178700373,0.0002681124006149018,0.0003095461170093717,0.0002616993805782609,0.0005887642209308462,0.0008574638109387494,0.0003460450579204409,0.0012505385395256104,0.0005183797379202831,0.001045634219811123,0.0002790733717277904,0.0002305875049252994,0.00027746379180512395,0.00039566715540217024,0.000487612431089657,0.00048813422541353667,0.0009336429759809656,0.0007532164709802745,0.00027452828912049004,0.00022886552660027592,0.0006511624880369632,0.00040177882533154165,0.000303894572815502,0.0002101196019325378,0.0003294739674606906,0.0005284527814885077,0.0014154061779556516,0.0002587579525285631,0.00028256256898794404,0.050363648184624646,0.0016787567373696302,0.0006676533912725836,0.0008369371177350011,0.0007132473233186268,0.006751684726718483,0.003925542156313898
0.0004330894780042628,0.0005054365338868536,0.005029086647194754,0.0003018937018094547,0.0002991109116821399,0.0003344123940474573,0.0,0.0002292828361937757,0.0008223767958633341,0.0005205075131196587,0.0002538211045322937,0.0002599284799559152,0.0006518303976678988,0.0009594890709533054,0.005159929860919048,0.001813219635787548,0.0058711491245642695,0.003363912453523549,0.00036564887297903573,0.01573715627378475,0.009466071518608411,0.0004610806379834615,0.00030528420922722524,0.0020253065058762694,0.0021604762989115424,0.024829772504599352,0.00037302531959732856,0.0003192413183123683,0.00046328252765384344,0.000328711232414442,0.0006823214065787423,0.0008970442114003089,0.0020568730654381712,0.0002365414977222529,0.0002767513973641339,0.00036078601019159126,0.00042484576091560237,0.00029112011324368046,0.0001837047181801888,0.0003224310167359621,0.0002899047943306137,0.0030585078785800588,0.00027734805209287875,0.0015939603241555942,0.0003015856649626963,0.00021956086728233847,0.005695494603322267,0.008587551767281648,0.00027376185980766395,0.0007220413694031836,0.0012407296803308098,0.00022757012595956598,0.0006385949889844952,0.0003481232378083674,0.00021408499501053395,0.0029045528186618886,0.006130192701887834,0.0002598047069213183,0.00028989448225063224,0.00027451895600843487,0.0007204442092957753,0.0005349317192109036,0.00016205398010920988,0.0009045486669982964,0.0004434415202727141,0.0008548359059322124,0.0002784960429739026,0.000293022802827455,0.00025352087067294945,0.00039376078807781714,0.0003262236020364647,0.00040525777423487116,0.0007591675532105883,0.0008653087746282675,0.00019897698334002994,0.00029695049462256543,0.0004864826132431649,0.00034512396063427565,0.0002402479188653955,0.00024646933039326513,0.00026901605836197315,0.00037744345604103646,0.001137611219714876,0.00024460363034997835,0.00021119954742312058,0.04951031357373682,0.0014605938927944402,0.0005486752335636566,0.00047942121031191063,0.000765656254073477,0.006542850734935545,0.003232073977809636
0.0005906341256544909,0.0006304320872398007,0.005199647228699154,0.0003257009259001464,0.0003291800208980187,0.0002835710843610716,0.0002292828361937757,0.0,0.0007452118741585391,0.0005115065874180576,0.00030370552617591093,0.0002967753733406043,0.0007454937444280247,0.0009621202541056841,0.005918130166358687,0.002050496411607088,0.006441505389955183,0.0036694188672959068,0.00033576736590652665,0.01626465862395545,0.009591541020331353,0.0008485445997035196,0.0002905066433381293,0.0020434755912316868,0.002315803282011296,0.025556608788982475,0.00038756217191347384,0.0002548442591499463,0.00017557909284047295,0.000399349825969314,0.0006958241068572966,0.000803133012342472,0.0025383799359485633,0.0002867353526104464,0.0002958583826220293,0.0002605919879050593,0.00045851383000828185,0.0002727387771122719,0.00033521038968923407,0.00026571631551079435,0.00023678268400432076,0.0029567129372086005,0.00017626646132108264,0.0012319228371260068,0.0004264519685270717,0.0003114983507573111,0.0056022006504227425,0.008930138104799383,0.0003021092113192076,0.000622911618391582,0.0015639345985108998,0.00030782831898175204,0.0005357279367929917,0.0004805278522281394,0.0002626792722318112,0.0025740111600659216,0.006833639116116129,0.00022482254177776372,0.0002284645707623078,0.000286852302390731,0.0006324657045420057,0.0007864065855665442,0.0003304817636913355,0.0012120698476032572,0.00042318442204957823,0.0011117527386411174,0.00038386292171085305,0.0003353648874642276,0.000281012053679298,0.0004591116403782931,0.0005401220308293777,0.0004863016537906122,0.0010847768412836402,0.0008428614277906805,0.00023347253091893518,0.0002822443710458073,0.0007160314736047835,0.000414223169461308,0.0002426324951305558,0.00022925987634545944,0.0002850336676855885,0.0004208416820953491,0.0012898905382825792,0.00023235741157473836,0.0003151779976824538,0.05012229300697244,0.0017129854514645593,0.0007553491296954352,0.0009372304086523229,0.000813103488054676,0.006926917255619378,0.0040207614290435605
0.0011495873202273558,0.0010302920116036624,0.0038029977913527704,0.0008756980749800293,0.00071549342351704,0.0009600829308239933,0.0008223767958633341,0.0007452118741585391,0.0,0.000715266668587933,0.000963685443550108,0.0007396760650745236,0.0008897499333845282,0.00100578584481813,0.0037979001922673686,0.0019301247901169405,0.004607589257805514,0.002489603307366695,0.0009334965337775561,0.014159576719309638,0.007484377824872933,0.001107886450580585,0.0006735187943018125,0.0023026689077040546,0.00205990239584138,0.02279502900724074,0.0007321576431523182,0.0007084709021677342,0.0008803437532449667,0.0007474067397948279,0.0008176831515554566,0.0007443890110736996,0.001404751395208086,0.000937785815930849,0.0012468355391214167,0.0011059120626520159,0.0014727723161906266,0.0010769271838821323,0.0009584960735399787,0.0010148704674410554,0.0009396599038578924,0.0029384316999698555,0.0010892845710998294,0.0015992419139659723,0.0013984092613868741,0.0011387079998961326,0.004472608344327947,0.0075998395259035635,0.001097340911362996,0.0012947561095800978,0.0013281803465082665,0.0011578126601672497,0.0008599152867911967,0.0011512198960681303,0.0009985391774884945,0.0024355408322352685,0.004901901034846723,0.0009460503852381041,0.0010799067205987996,0.00121360014379342,0.0008909136119342933,0.0008431331219618258,0.0007255000979149203,0.0009516041657460503,0.0007937867608380565,0.000848787627607066,0.0008244571067043995,0.0010257010772483498,0.0011654172717673128,0.000669293727923456,0.0011192141123659966,0.000916861601148505,0.001339024154557639,0.0010021009954849526,0.000846691225299952,0.0010613483384832641,0.0011452072938332566,0.0010426158360494525,0.001060361705184194,0.0009666152437265388,0.0007339054120443539,0.0008159242065973399,0.0011096751904164494,0.0007751743568189924,0.0009503919568015461,0.048290348722921345,0.0012470359064348413,0.0013811523491447267,0.0009605629877240182,0.001041826278775769,0.0055643786076263945,0.003269445831830707
0.0010824647757742708,0.0005206297609087876,0.004774064768359859,0.0006268060455229989,0.0007372728295845953,0.00044081440794312924,0.0005205075131196587,0.0005115065874180576,0.000715266668587933,0.0,0.0005789114523811063,0.0007701076469113467,0.0007380302411068572,0.0013475629369954483,0.0060179527066454575,0.0019100846786951104,0.0065333335650738225,0.003632923195204185,0.0005789877116871538,0.014541642474233164,0.009452218080022052,0.0009213491945874084,0.000604911153182181,0.0021436217182266557,0.002091442640250817,0.024442331749353483,0.00038809739213039414,0.00031915316611126924,0.000571411880790089,0.000630190447989611,0.0006088124115754745,0.0010634062017784625,0.002329558780820811,0.00047217245101972036,0.0005543713783763844,0.0006350568188895816,0.0007093337085073773,0.0006803208147017946,0.0005944351403726698,0.00038991927518161926,0.000680264834094443,0.002991345497788582,0.0005951116479576375,0.0023590225008851087,0.0008457757636231569,0.0006580631909713187,0.005629640604505577,0.00811011174654175,0.000665040524863364,0.0011069390752743921,0.0020536533696783837,0.0006027835731235731,0.0007508361861843787,0.0005264125939145914,0.0005492907478287597,0.003924184631250792,0.005670851265981951,0.0005239171886825584,0.0007690257396065705,0.000524757278987546,0.0007983959040057459,0.0008173866113973558,0.00038617739245587924,0.0015594346509690763,0.0007325049551622419,0.0011612584206646772,0.0004957866465856674,0.0003579233947710745,0.0005854560208849077,0.0004824751374536315,0.000549452953552461,0.0004303803201144328,0.0011616738054004833,0.0008525002742074632,0.0004565544401458272,0.00044982451219822495,0.000673229328133897,0.0004000032282511415,0.0006133300189127638,0.0005539850144862346,0.0003526423380619163,0.0006456571614583159,0.0012696927589820996,0.00036058774410511443,0.0005888784592726606,0.0502726027937459,0.0017637714087593924,0.0007277936785302525,0.0007178362634938883,0.0007913294121704796,0.006638068737321131,0.003955223112206635
0.0005316644222516951,0.0006958630271887716,0.00546122461804788,0.00030699674308485854,0.00028874104899192745,0.0003098941116234766,0.0002538211045322937,0.00030370552617591093,0.000963685443550108,0.0005789114523811063,0.0,0.00022773779184642883,0.0007094014953309567,0.0010504113744248898,0.006289441028224879,0.0020001247093730146,0.006755643365233887,0.00376954801806176,0.0005087439126018491,0.015775538949219136,0.010219814910684294,0.000683908959629284,0.0002747070885745456,0.0022341144276504447,0.002028722986689135,0.02501293674320551,0.00026629304332732943,0.00028058196687194944,0.0005521192711257222,0.00043685799371076474,0.0007467323410201418,0.0010411176547033215,0.0027431028036074136,0.0002158458003200151,0.00019142740912084385,0.00020527985165506854,0.00024202863224650966,0.00018192242789073315,0.00017134096066663502,0.00023574680520336042,0.0001585628285914694,0.0031278154726637458,0.0001756782666075713,0.0018910971825103408,0.00029738352725321626,0.00015737369948481898,0.005701663493955551,0.00939662150995535,0.00016953017479025682,0.0007016777102094225,0.0014080374825094796,0.00014990016181762181,0.0006616459737954469,0.0002708180605786671,0.0002125872333732037,0.0036838153407681273,0.006708060951486671,0.00012640881619884858,0.000209249748945583,0.0001705133750584337,0.0007615803660911173,0.000802823093632378,0.00026195752636166584,0.0013270731868263697,0.0004434058716836102,0.001218541510270991,0.00041729877752181085,0.00019581132985359314,0.00016383233324930712,0.0004541528539482511,0.0004320777268556653,0.0004769267056753809,0.0011564641366814232,0.0011142985466119683,0.00023438347464616965,0.0001530479542284195,0.0006262117623775459,0.00040941239841518117,0.00015634575799411844,0.00015404586988264566,0.0003779803188845372,0.0005142016887991376,0.0015848966433830692,0.00027613248198345245,0.00013878150844398612,0.049441769043747794,0.00198609793600201,0.00041264585885186024,0.0008394233081423665,0.0008646093384388034,0.0073043886579794715,0.004227346103007973
0.0004647795664976526,0.0006636411981258534,0.0047679824513971545,0.0003341455005518605,0.00022759486113791525,0.0004456781274266299,0.0002599284799559152,0.0002967753733406043,0.0007396760650745236,0.0007701076469113467,0.00022773779184642883,0.0,0.0006493194006732992,0.0008612065395215996,0.005002198093510785,0.0014693950868667986,0.0055454816163923015,0.002936858096293442,0.0005138217667224767,0.015244797211154777,0.009037650381130774,0.0005233927202524214,0.00019119247965859176,0.0021365424692305615,0.002019723910602631,0.02452092350630671,0.00039380149797671585,0.00046937776927649135,0.00045275663912724447,0.0002674690033219149,0.0005923371938075563,0.0006363843722350755,0.0018489301789987164,0.00039581436416251766,0.0004841634678107837,0.0004509636265586668,0.000671582983084307,0.0003680051637810275,0.0003331170680099441,0.0005484259525647931,0.00026574909936647194,0.0030861919746452736,0.00035985424087973635,0.0014631414415145632,0.0005140174491213853,0.0003842701367364848,0.005157368826154817,0.008912582206207637,0.000434959078181899,0.0008296912185747311,0.0010534516174732658,0.00035707753310980437,0.0005792600174064595,0.00047321472617101586,0.0003466924726155545,0.0021365868064250463,0.005973050527797312,0.00038924151312737037,0.00034319507808127297,0.00046792939868177033,0.0006086390211377435,0.0004766429982196461,0.00035830560019244805,0.0007376260361556545,0.0003010157149186308,0.0008218385539098514,0.00027327784016255606,0.00036128462632331197,0.00040470853927183356,0.0003689103115798493,0.0005975479250836765,0.0004995243045042791,0.0009009861175616882,0.001015669269266986,0.00028976245802272803,0.0003737004919811004,0.0006065909345261422,0.00035748028752270576,0.0003283286056345224,0.00035821434310164343,0.0002655945437395289,0.0003503358529058802,0.001185876466208616,0.0003688311655943361,0.00016060626958874145,0.04914178782701942,0.0013889259327968953,0.0008573095824363522,0.0005620555636526161,0.0007324775545397981,0.006341765440452603,0.0032129800344232453
0.0010067874369106239,0.0008848136002529399,0.0036319765801915587,0.0007383813561813638,0.0004860722068349375,0.0009427588193641756,0.0006518303976678988,0.0007454937444280247,0.0008897499333845282,0.0007380302411068572,0.0007094014953309567,0.0006493194006732992,0.0,0.0007309117929076053,0.003698569953188496,0.0011899908652963334,0.0044705374631792815,0.002320262976263811,0.0009153157285720302,0.01210521599212273,0.007340399592283505,0.0008150361660240553,0.0006584806430025969,0.002226322795552803,0.0014619613484619326,0.021442732966813538,0.0007079204134464627,0.000855929874559308,0.0010849232908034204,0.0007179742501789747,0.0008412394356025834,0.0005363190338170293,0.0015575616036420175,0.0009677632440998576,0.0009275552884501693,0.0011727914604740205,0.0012376950979747338,0.001077965315958882,0.0008135596499247335,0.0009328616729750244,0.0010025066596120458,0.0029945859677127534,0.0010138340338736662,0.0016094244474977376,0.0009865557093775219,0.000986357783327816,0.004432242874027858,0.00773749628767558,0.0011860985649466602,0.0011354780806537628,0.0011016686659233944,0.000898924113641781,0.0009619512991367297,0.000847110977220266,0.0009380664578903708,0.0028416716923970312,0.004133146788720863,0.000997937535095076,0.0009743816122787016,0.0012094893117886721,0.0009305244522543438,0.0006195297413058508,0.0006753361600285093,0.0009516584594104242,0.0007206622161965156,0.0008749994615638905,0.0006845271348337443,0.0006797914695461284,0.0010517455500728646,0.0006282526334822423,0.0006693248110788136,0.000795289060627238,0.0011089443678936114,0.0011984687538055953,0.0007256460093420593,0.0010459320741291352,0.0008393482862243536,0.0006716720785215138,0.0009531083374607504,0.0009757750127634942,0.0006350308813692045,0.0006463901875053623,0.0006787441661980372,0.0008659740389027922,0.0007690869701091388,0.04706040173015073,0.0013005527952434281,0.0010625402825495981,0.0008791357187374402,0.0008124918422225077,0.005020371210078038,0.0027510570777998502
0.001126985457360955,0.0012818269201655224,0.0036966962045651176,0.000982611301568109,0.0007246224583808484,0.0013715145841642726,0.0009594890709533054,0.0009621202541056841,0.00100578584481813,0.0013475629369954483,0.0010504113744248898,0.0008612065395215996,0.0007309117929076053,0.0,0.003752065306025628,0.0013359498646587364,0.004359479826509389,0.0024462808467861225,0.0009360009942775574,0.012117958519605933,0.006918406654758965,0.0008504069522498026,0.0008003934853178423,0.0023103393423336773,0.00136176546918686,0.018356684831797712,0.0009745986220567933,0.001140762750669588,0.0012777317142181012,0.0008857367996580497,0.0008557928203466258,0.0009117193010835396,0.001438035425754366,0.0013158430615603034,0.0014906357234137867,0.0016311892419918223,0.00199961876504159,0.001374154140566298,0.0011271633937275374,0.0015631599233055036,0.0013183158776693823,0.0029726781214182625,0.0013894861578798243,0.0013657528490967161,0.0013556180696387013,0.0013880662147151503,0.004185360716897506,0.008037308606922946,0.0013899946549048817,0.0011550424145235364,0.0009875790715953158,0.0014584860160565074,0.0011941574202301922,0.001322230836548179,0.0014920220857221609,0.002140406670036013,0.00415406466334987,0.0012727315032961648,0.0012766779051077194,0.0017160534301012733,0.0007569738886146648,0.000857072422183304,0.0009871781702600168,0.001142733599758514,0.0008677964586064607,0.0010036511613204875,0.0009245286818964957,0.0012160129726448857,0.0016096355650241571,0.0009024442078133389,0.0012353143349910372,0.0011505076607309702,0.0010921729976894432,0.0014183974462537664,0.001153144190125814,0.0013744204710606411,0.001158833775726609,0.001117446106666124,0.0013031029262757163,0.0012789625424803866,0.0009824824931714332,0.0007747784664169323,0.0009643615777989424,0.00125432521737161,0.0011157235997108124,0.04588258266587261,0.0011297289999190952,0.0017285583887243047,0.0012509700076879418,0.0013038150251051559,0.004950788625812081,0.0028347725539200385
0.004706097590839971,0.005509715007981205,0.0021373976219631803,0.0048658882376135925,0.004910422258311473,0.005772334608499672,0.005159929860919048,0.005918130166358687,0.0037979001922673686,0.0060179527066454575,0.006289441028224879,0.005002198093510785,0.003698569953188496,0.003752065306025628,0.0,0.00391620037068809,0.001202591332085451,0.002058856084135378,0.0058737532882314845,0.009339673629862086,0.005374271541968605,0.004458504222863438,0.004978233628155061,0.005835634278067389,0.003868113730833416,0.01514342151178309,0.005461792777297482,0.005328712805745245,0.00601604267457971,0.004785832046720803,0.00423747649048859,0.0033034833391759645,0.0017531532144952069,0.00617036171692613,0.006889733480076534,0.007191314004962183,0.008124471950037572,0.006785718024942098,0.0060304632649810785,0.006172122947666883,0.006492281883690778,0.003741647516189516,0.006907505757792604,0.003500395639789899,0.005958302501943768,0.006838271945306681,0.003002890772911304,0.007232229778058905,0.0074282151096274176,0.005638927784992303,0.0031701260642481906,0.007214702754628619,0.006295506172225321,0.006667402093197646,0.006342025354404243,0.004312209874159254,0.002849431395271696,0.006931243213689133,0.00675008537226387,0.007516123721854889,0.004166407452706132,0.003804958012780804,0.005948161905749915,0.002786568639048038,0.004579495719298702,0.0032480043555055157,0.004807377567155497,0.0063527409257838514,0.007041496081029933,0.004358726670718528,0.005939713324246856,0.005742979981066991,0.0039369377858759855,0.003930140829825061,0.006257782298870241,0.0068265790515412384,0.00638752933410395,0.0055273865560788804,0.006953331336982522,0.006621727232686984,0.0053597296110507705,0.004762640752104457,0.0025250727393288743,0.005874141168350942,0.006280538796918385,0.04116601888135855,0.002768238877970062,0.008020071920497213,0.0038526636885517964,0.004893445860899861,0.003193607157740025,0.0025165551146863617
0.0017526153999317857,0.0018348442733974479,0.0034915617142121246,0.0019009395889930429,0.0014054408731986802,0.0021663690553260437,0.001813219635787548,0.002050496411607088,0.0019301247901169405,0.0019100846786951104,0.0020001247093730146,0.0014693950868667986,0.0011899908652963334,0.0013359498646587364,0.00391620037068809,0.0,0.004970455995851018,0.0021790649815889612,0.002072326854435489,0.009897721594537829,0.006203112576198122,0.0012005116748395749,0.0015149984662674507,0.002132374567301316,0.0014224093485688135,0.015794508127968176,0.0017269160536040485,0.0019404610095120989,0.0022764066036049385,0.0016394790005371303,0.0016962372186599913,0.001668768156284412,0.001997506044814018,0.001992059077644178,0.002227435957333236,0.0025720640374052883,0.002785130016710699,0.0024144604021843715,0.0017853667461831997,0.0024323821005891575,0.0023302895080223795,0.0025795940007159526,0.0024847134940485906,0.001814331395800297,0.001979535583711251,0.0023398304144548803,0.0035974200039870577,0.008028585825052899,0.0025523955262427797,0.0019020772467643044,0.0016475734131298487,0.0022343060406030705,0.0020248815946677344,0.002027314427494424,0.0022092297001672454,0.003946530474130192,0.004257109691533927,0.0023676121392240917,0.002350096760004714,0.002705278860841563,0.0012325355408747205,0.0015481399458237566,0.0017156289348912248,0.0015796040624844968,0.0015855479215653174,0.0014922991821840245,0.0015870707606770755,0.0019398596844351372,0.0026085498553848193,0.0015844288161644975,0.001551497163421124,0.0020963469968405236,0.001788190555342492,0.0021459505603950053,0.00207588712313163,0.002278527223555562,0.002153112506053544,0.001585305512692619,0.00236231844450209,0.002271379545213916,0.0016691951930848463,0.001427988680461384,0.0013931156206059142,0.002093902067111139,0.001968395396175349,0.04332345033803454,0.00206812811575822,0.0021107614843215803,0.0013827876657438933,0.0019429465608364037,0.004717241023571674,0.0038413035774450765
0.005343238250070855,0.00631589215618731,0.0037886101649962805,0.005877925757938528,0.005610802420316764,0.006550300239652349,0.0058711491245642695,0.006441505389955183,0.004607589257805514,0.0065333335650738225,0.006755643365233887,0.0055454816163923015,0.0044705374631792815,0.004359479826509389,0.001202591332085451,0.004970455995851018,0.0,0.002572056370215434,0.006227996471219144,0.00882558661822587,0.004834252763246574,0.005565707134042226,0.0056816616533828706,0.005973934004558649,0.004932134336374929,0.012707441819578833,0.005966539217108865,0.00595288617597375,0.006347670287222962,0.005216655661284594,0.004623680940010046,0.00396687457306586,0.0026267305093082205,0.006666484390456623,0.007686783816167324,0.00782887439871863,0.00866538484559196,0.007365343189227054,0.00670058405754372,0.007181681938173237,0.007208699847401313,0.00397699629700364,0.00740268489422044,0.004564189778388678,0.006630002093751058,0.007378200148679407,0.0036461576595969124,0.005965997682942431,0.007849573763357562,0.006685371780077559,0.0036718291115689413,0.00785146453752022,0.0067238288206616465,0.007167948058899202,0.007054758479260738,0.005587424476004257,0.0032958278327921047,0.007529602927361454,0.006996839055738799,0.007958407809442097,0.004638209188517407,0.004354316630176933,0.0064492358478445205,0.0035638450881997387,0.005218190853373451,0.004255893442897079,0.005207513012487431,0.006993886583035572,0.007717471947948501,0.0048518925148915764,0.006423406185470452,0.006274460520526073,0.0043931760772597675,0.004609813079744282,0.006922633508720714,0.007328850633343948,0.0070932980260706895,0.005945015264534298,0.007173790997847435,0.0072310822698211305,0.005799886998854678,0.005340684564940112,0.0034221299429736418,0.006378236663803873,0.006743362771279936,0.03795038630033322,0.003853174769583215,0.00884084946792485,0.004645726152937441,0.0050076846199373125,0.0032958482717007453,0.002659932739125793
0.0026647944710438114,0.003474033682595167,0.0026177561307451592,0.0029507088118322805,0.0030802585543065553,0.0035379518914602785,0.003363912453523549,0.0036694188672959068,0.002489603307366695,0.003632923195204185,0.00376954801806176,0.002936858096293442,0.002320262976263811,0.0024462808467861225,0.002058856084135378,0.0021790649815889612,0.002572056370215434,0.0,0.0033466430685006607,0.011761076269091238,0.006137469562716891,0.0037214101032225825,0.003313201997134871,0.004712891182093205,0.00296259605338934,0.017557275393420616,0.0031032892855714666,0.0031242055163711886,0.0033374227363720545,0.0029392933911590847,0.0022253493684598075,0.0022980426392467447,0.0015005774143000044,0.0038925550582371753,0.0048132725180476885,0.004780484883954935,0.005532501477630798,0.004457862280709672,0.003988911397148908,0.004082707962119464,0.004034816000946462,0.0026033489019263267,0.004481079495661501,0.0016637586618895282,0.003985007684137109,0.0043768127947827196,0.0044235797684046,0.007680012121375342,0.004688996402382555,0.004530981406323954,0.0015337703700179287,0.004761121317615191,0.00427810576221141,0.004487635987011638,0.0038953717008995896,0.002665368822900792,0.00540671249558514,0.004293288139134575,0.004448970735203743,0.0045692061547041645,0.0027723805297633886,0.0020292337592380714,0.003707631828495507,0.0013013822244856586,0.002546686415916397,0.0017853036296448356,0.002819660860289974,0.003901093855479291,0.004700780538760676,0.003066428422516023,0.003338025617142187,0.003500239686056492,0.0021629645154451517,0.0025945145110549176,0.004179899849657598,0.004041498196824568,0.00516380118784499,0.003151413556691599,0.0045215444910643434,0.004262346025908696,0.002893059406117195,0.0026726045370528122,0.0018264740131362933,0.003658842129655757,0.004048268506636127,0.04258431478382377,0.0019134351782277607,0.00614358268736601,0.0026305291585980387,0.0028926932739548362,0.003112017739789236,0.0017345730072937805
0.0006697675333076182,0.000333601541479872,0.0051963959859355514,0.000443580976004926,0.0005771173412678515,0.00037506077102971954,0.00036564887297903573,0.00033576736590652665,0.0009334965337775561,0.0005789877116871538,0.0005087439126018491,0.0005138217667224767,0.0009153157285720302,0.0009360009942775574,0.0058737532882314845,0.002072326854435489,0.006227996471219144,0.0033466430685006607,0.0,0.01541670542027903,0.009159257004687926,0.0009413540716260134,0.0005252858157975031,0.0021222868147687166,0.00193217838965561,0.02475057252724686,0.0005287901231710447,0.00038728060379968624,0.00031182690350552194,0.0004653062384312892,0.0005192511052477413,0.0010393119780717011,0.002383916456179693,0.0004700361028457579,0.0005169137930841004,0.00048729446495418023,0.0007276409292835832,0.00035884565410972987,0.00048591030647773185,0.0005330786325260774,0.0004423619521119167,0.002999399833678038,0.00039913558809693086,0.0011990630351771572,0.0006275990821426587,0.00043573304201644213,0.005895054919726608,0.008692656068977449,0.00040680016058542784,0.0008009442440368805,0.0014284540597112405,0.0004906352414501227,0.0005101500755091332,0.000581725717277056,0.0004341170094627396,0.0024741342275661593,0.006181538903548415,0.0004157639045098597,0.0004077295540724212,0.0005054457343020073,0.0007459521972596146,0.0008715658534538067,0.00043763436180783104,0.001210972744037418,0.0003071836068596404,0.0010828504257132234,0.0005032271728189743,0.0005121043473163133,0.0004925143179417296,0.0006004420522877236,0.0006589048993309224,0.0004312148068111325,0.0009138475352384441,0.000926484487323163,0.0004178076111145602,0.00039329960136508967,0.00046943058884314954,0.0005008286688681643,0.00042426196977366935,0.0003656909074833698,0.00039617139174019363,0.0004776471237681102,0.0013441963184987623,0.00047096127559268647,0.000495626632896387,0.04999754331720229,0.0014084139519625423,0.0008580993827862421,0.0009902993673758765,0.0006263206058216623,0.0067980182293775875,0.004100649118250567
